Ttest_indResult(statistic=-3.6356359936009719, pvalue=0.00039232478569189657)
Most Aggr
         Player  BankIni  BankInc  BankIncBet  TotalGames  TotalBet  TotalB  \
874   FlamingPP   104.50   184.62     1194.52       106.0    1205.0   195.0   
329         kid   120.18    58.32      507.22        62.0     493.0   134.0   
1125     Hermes   230.54   295.16     3361.74       419.0    3744.0   953.0   
83          erb   698.20    18.60     1199.50       137.0    1113.0   331.0   
310      JasPar   586.98    10.26     2238.52       220.0    2078.0   431.0   

      TotalR  TotalC  TotalK  PreflopVCom  FlopVCom  TurnVCom  RiverVCom  \
874    270.0   127.0    74.0     0.539613  0.591525  0.617568   0.622153   
329     97.0    51.0    50.0     0.595924  0.621523  0.639239   0.620084   
1125   758.0   439.0   376.0     0.539560  0.572739  0.586423   0.582847   
83     171.0   169.0   100.0     0.573643  0.629019  0.641348   0.665857   
310    472.0   246.0   252.0     0.526875  0.585920  0.603851   0.581270   

      FlopVSim  TurnVSim  RiverVSim  AvgIncBet  Aggressive  
874   0.569081  0.733545   0.838393  -0.008697    2.313433  
329   0.632128  0.745495   0.815472   0.028844    2.287129  
1125  0.586301  0.706113   0.793988  -0.102099    2.099387  
83    0.636589  0.747285   0.849820   0.077718    1.866171  
310   0.587362  0.714511   0.781202   0.077247    1.813253  
Least Aggr
        Player  BankIni  BankInc  BankIncBet  TotalGames  TotalBet  TotalB  \
29    is314onu   639.34  -229.58      391.66        66.0     292.0    59.0   
1634   Asakaze   105.60   -82.70      553.48       108.0     482.0    85.0   
214     Bernie   339.56  -186.44      135.50        53.0     248.0    47.0   
1150     Oopps   289.78   -52.58      269.74        60.0     259.0    51.0   
938       Norm   193.60   -67.42      323.74        56.0     276.0    48.0   

      TotalR  TotalC  TotalK  PreflopVCom  FlopVCom  TurnVCom  RiverVCom  \
29      10.0   143.0   137.0     0.506553  0.576112  0.594361   0.584645   
1634    27.0   227.0   239.0     0.560801  0.607605  0.592720   0.579125   
214      6.0   122.0   102.0     0.532219  0.578943  0.547762   0.511321   
1150     4.0   134.0   119.0     0.547093  0.587038  0.604315   0.616303   
938      6.0   152.0   118.0     0.552846  0.599061  0.577059   0.585179   

      FlopVSim  TurnVSim  RiverVSim  AvgIncBet  Aggressive  
29    0.567249  0.711314   0.786931   0.341301    0.246429  
1634  0.602152  0.685160   0.781259   0.148299    0.240343  
214   0.568994  0.653090   0.768964  -0.453629    0.236607  
1150  0.576019  0.703837   0.803547   0.041467    0.217391  
938   0.613031  0.723743   0.840697   0.172971    0.200000  
