average
0.112351245096
sd
0.161695849608
Win most
      Player  BankIni  BankInc  BankIncBet  TotalGames  TotalBet  TotalB  \
2    HIPSHOT   155.98   297.60      728.26       102.0     635.0   151.0   
9       lore   194.80   231.92     2731.98       364.0    2118.0   658.0   
11   AndreaM   122.66   -80.50      403.50        70.0     461.0   109.0   
12  benvolio   242.54     5.46      945.50       145.0    1062.0   262.0   
13        GV   115.14     0.48      340.48        61.0     306.0    80.0   

    TotalR  TotalC  TotalK  PreflopVCom  FlopVCom  TurnVCom  RiverVCom  \
2     42.0   222.0   169.0     0.591513  0.621964  0.666989   0.705272   
9    273.0   486.0   571.0     0.582721  0.647044  0.659121   0.664968   
11    66.0   134.0   106.0     0.544286  0.572633  0.579500   0.581716   
12   150.0   254.0   165.0     0.552121  0.607768  0.622232   0.598219   
13    52.0    67.0   120.0     0.543413  0.593961  0.595761   0.574726   

    FlopVSim  TurnVSim  RiverVSim  AvgIncBet  
2   0.602487  0.728629   0.865221   0.146866  
9   0.668184  0.772625   0.853291   0.289887  
11  0.533980  0.656307   0.765292  -0.124729  
12  0.606930  0.725814   0.804250  -0.109699  
13  0.626766  0.728157   0.797601   0.112680  


Lose Most
       Player     BankIni      BankInc   BankIncBet  TotalGames     TotalBet  \
1646   slapNL  152.120000  1287.980000  1095.280000  146.000000  1083.000000   
1647   CFkman  107.600000   210.240000  1858.000000  209.000000  1398.000000   
1653    RazzO  213.840000  2300.400000  1052.900000  133.000000   852.000000   
1654     sass  264.520000  1273.820000   597.240000   75.000000   410.000000   
1658  AVERAGE  308.482388   144.606659   960.524572  130.340772   865.731604   

         TotalB      TotalR    TotalC      TotalK  PreflopVCom  FlopVCom  \
1646  286.00000  145.000000  283.0000  169.000000     0.566820  0.612123   
1647  257.00000  183.000000  400.0000  339.000000     0.602577  0.652951   
1653  187.00000  132.000000  227.0000  223.000000     0.547277  0.582220   
1654  118.00000   24.000000  155.0000  113.000000     0.569812  0.627480   
1658  214.35766  113.664656  226.1924  188.813028     0.569796  0.622776   

      TurnVCom  RiverVCom  FlopVSim  TurnVSim  RiverVSim  AvgIncBet  
1646  0.638721   0.643670  0.608893  0.724617   0.816226   0.011339  
1647  0.662563   0.669214  0.674442  0.768098   0.851865   0.329041  
1653  0.589120   0.594420  0.589887  0.704997   0.815265   0.235798  
1654  0.660764   0.675713  0.629108  0.748481   0.838795   0.456683  
1658  0.634211   0.640026  0.624721  0.736479   0.827708   0.109495 
